   1.0000000e+01   0.0000000e+00  -1.0000000e+01  -2.0000000e+00   1.0000000e+00             Inf
   1.0000000e+01   9.4258954e+00  -1.9425307e+01  -1.0000806e+00   1.0000000e+00             Inf
   1.0000000e+01   0.0000000e+00  -1.0000000e+01  -2.0000000e+00   1.0000000e+00             Inf
   1.0000000e+01   8.6124891e-02  -1.0056110e+01  -1.9174796e+00   1.0000000e+00   3.0479643e-01
   1.0000000e+01   4.8293562e-01  -1.0056359e+01  -1.6169695e+00   1.0000000e+00   3.0061457e-01
   1.0000000e+01   1.1583928e+00  -1.0642899e+01  -1.3139904e+00   1.0000000e+00   2.2215419e-01
   1.0000000e+01   6.4382578e-01  -1.0636100e+01  -1.5252790e+00   1.0000000e+00   2.1380864e-01
   1.0000000e+01   1.8055255e+00  -1.1265282e+01  -1.1643881e+00   1.0000000e+00   1.1965886e-01
   1.0000000e+01   1.2645250e+00  -1.1260593e+01  -1.2823734e+00   1.0000000e+00   1.1942624e-01
   9.8765108e+00   5.7227964e+00  -1.5597158e+01  -1.0032706e+00   1.0000000e+00   7.7331975e-02
   9.9679352e+00   6.3126114e+00  -1.6253938e+01  -1.0018133e+00   1.0000000e+00   7.6672712e-02
   1.0000000e+01   1.8905516e+00  -1.1887592e+01  -1.1509885e+00   1.0000000e+00   6.9413508e-02
   9.9999244e+00   2.4445275e+00  -1.1888905e+01  -1.0867671e+00   1.0000000e+00   6.8405726e-02
   1.0000000e+01   2.5174732e+00  -1.2515254e+01  -1.0806632e+00   1.0000000e+00   4.4523148e-02
   9.9350248e+00   5.0273542e+00  -1.4709386e+01  -1.0065561e+00   1.0000000e+00   3.7947384e-02
   9.9358542e+00   5.0157598e+00  -1.4495794e+01  -1.0066326e+00   1.0000000e+00   3.7170925e-02
   1.0000000e+01   3.0801112e+00  -1.2516083e+01  -1.0459541e+00   1.0000000e+00   3.5189064e-02
   9.4619139e+00   4.6149200e+00  -1.3847870e+01  -1.0099030e+00   1.0000000e+00   2.8645823e-02
   9.9361027e+00   5.0097202e+00  -1.4360138e+01  -1.0066728e+00   1.0000000e+00   2.7229465e-02
   1.0000000e+01   3.7725689e+00  -1.3771237e+01  -1.0229929e+00   1.0000000e+00   2.5603767e-02
   1.0000000e+01   3.1448160e+00  -1.3143182e+01  -1.0430748e+00   1.0000000e+00   2.3848275e-02
   9.8928410e+00   5.6922614e+00  -1.5427278e+01  -1.0033720e+00   1.0000000e+00   2.3662488e-02
   9.8759127e+00   5.6898925e+00  -1.5209465e+01  -1.0033800e+00   1.0000000e+00   2.3386426e-02
   1.0000000e+01   3.7139110e+00  -1.3146626e+01  -1.0243820e+00   1.0000000e+00   2.1448688e-02
   1.0000000e+01   1.2226215e+00  -1.1152569e+01  -1.2944572e+00   1.0000000e+00   2.0350850e-02
   9.9439607e+00   5.0008402e+00  -1.4240088e+01  -1.0067323e+00   1.0000000e+00   1.9333686e-02
   9.9999983e+00   6.9112352e+00  -1.6911208e+01  -1.0009965e+00   1.0000000e+00   1.9254539e-02
   9.4672229e+00   4.6172611e+00  -1.3917627e+01  -1.0098798e+00   1.0000000e+00   1.9061163e-02
   1.0000000e+01   1.8141310e+00  -1.1377840e+01  -1.1629795e+00   1.0000000e+00   1.8714107e-02
   1.0000000e+01   6.8944127e+00  -1.6793962e+01  -1.0010134e+00   1.0000000e+00   1.8187506e-02
   9.9999225e+00   2.4931005e+00  -1.2442367e+01  -1.0826533e+00   1.0000000e+00   1.7615162e-02
   1.0000000e+01   5.1277674e-01  -1.0206924e+01  -1.5988305e+00   1.0000000e+00   1.7406116e-02
   1.0000000e+01   1.2436185e+00  -1.1233095e+01  -1.2883390e+00   1.0000000e+00   1.6994435e-02
   9.9999741e+00   6.8837960e+00  -1.6620877e+01  -1.0010242e+00   1.0000000e+00   1.6877044e-02
   9.9395978e+00   5.0348827e+00  -1.4852276e+01  -1.0065070e+00   1.0000000e+00   1.6809633e-02
   1.0000000e+01   2.4616504e+00  -1.2140854e+01  -1.0852941e+00   1.0000000e+00   1.6714234e-02
   1.0000000e+01   1.8185874e+00  -1.1432555e+01  -1.1622548e+00   1.0000000e+00   1.6356961e-02
   9.9396471e+00   5.0008002e+00  -1.4178476e+01  -1.0067326e+00   1.0000000e+00   1.6226346e-02
   1.0000000e+01   9.4003835e+00  -1.9122064e+01  -1.0000827e+00   1.0000000e+00   1.5979120e-02
   1.0000000e+01   5.2197072e-01  -1.0253592e+01  -1.5933501e+00   1.0000000e+00   1.5058110e-02
   9.4821711e+00   4.6194522e+00  -1.4027105e+01  -1.0098582e+00   1.0000000e+00   1.4952636e-02
   1.0000000e+01   8.7755083e+00  -1.8583612e+01  -1.0001545e+00   1.0000000e+00   1.4544258e-02
   9.9999439e+00   9.3971005e+00  -1.9038054e+01  -1.0000830e+00   1.0000000e+00   1.4488437e-02
   1.0000000e+01   8.1438404e+00  -1.7904569e+01  -1.0002905e+00   1.0000000e+00   1.4463850e-02
   1.0000000e+01   8.7800990e+00  -1.8662855e+01  -1.0001538e+00   1.0000000e+00   1.4361967e-02
   9.9943592e+00   3.3237572e-02  -1.0025780e+01  -1.9673087e+00   1.0000000e+00   1.4219367e-02
   1.0000000e+01   5.2607947e-01  -1.0274260e+01  -1.5909171e+00   1.0000000e+00   1.4211985e-02
   1.0000000e+01   7.5078992e+00  -1.7128577e+01  -1.0005487e+00   1.0000000e+00   1.4099529e-02
   1.0000000e+01   1.1796139e+00  -1.0846667e+01  -1.3073974e+00   1.0000000e+00   1.3758884e-02
   9.9999993e+00   8.1321102e+00  -1.7609919e+01  -1.0002939e+00   1.0000000e+00   1.3727957e-02
   1.0000000e+01   3.7309722e+00  -1.3451675e+01  -1.0239695e+00   1.0000000e+00   1.3720731e-02
   9.9998003e+00   1.8645051e+00  -1.1825311e+01  -1.1549729e+00   1.0000000e+00   1.3706823e-02
   9.9999226e+00   2.4836651e+00  -1.2375371e+01  -1.0834369e+00   1.0000000e+00   1.3699107e-02
   9.9997975e+00   5.3470436e-01  -1.0316777e+01  -1.5858425e+00   1.0000000e+00   1.3696957e-02
   1.0000000e+01   8.1398365e+00  -1.7815951e+01  -1.0002917e+00   1.0000000e+00   1.3588407e-02
   9.9999997e+00   7.5278742e+00  -1.7474202e+01  -1.0005379e+00   1.0000000e+00   1.3409476e-02
   9.9999999e+00   3.7364252e+00  -1.3528890e+01  -1.0238392e+00   1.0000000e+00   1.3400559e-02
   9.9999427e+00   9.3951939e+00  -1.8985510e+01  -1.0000831e+00   1.0000000e+00   1.3390763e-02
   9.9980754e+00   2.4547997e+00  -1.2038593e+01  -1.0858804e+00   1.0000000e+00   1.3374675e-02
   1.0000000e+01   1.8062541e+00  -1.1275148e+01  -1.1642683e+00   1.0000000e+00   1.3350774e-02
   9.8808333e+00   5.6830963e+00  -1.5126442e+01  -1.0034030e+00   1.0000000e+00   1.3074917e-02
   1.0000000e+01   8.7639192e+00  -1.8304009e+01  -1.0001563e+00   1.0000000e+00   1.3007379e-02
   9.9999906e+00   2.5406288e-02  -1.0024581e+01  -1.9749137e+00   1.0000000e+00   1.2935159e-02
   1.0000000e+01   8.1673106e+00  -1.8167029e+01  -1.0002838e+00   1.0000000e+00   1.2893129e-02
   9.9878930e+00   3.1206503e+00  -1.3013676e+01  -1.0441285e+00   1.0000000e+00   1.2876601e-02
   1.0000000e+01   5.8230447e-01  -1.0521739e+01  -1.5586096e+00   1.0000000e+00   1.2823321e-02
   1.0000000e+01   5.0666830e-01  -1.0175778e+01  -1.6024996e+00   1.0000000e+00   1.2818008e-02
   1.0000000e+01   6.2595260e-01  -1.0625777e+01  -1.5347518e+00   1.0000000e+00   1.2729697e-02
   1.0000000e+01   8.1543128e-02  -1.0055902e+01  -1.9216930e+00   1.0000000e+00   1.2686568e-02
   1.0000000e+01   8.7726784e+00  -1.8525782e+01  -1.0001549e+00   1.0000000e+00   1.2667988e-02
   9.9975878e+00   1.2004016e+00  -1.1011273e+01  -1.3010733e+00   1.0000000e+00   1.2660463e-02
   1.0000000e+01   6.8895315e+00  -1.6723892e+01  -1.0010184e+00   1.0000000e+00   1.2643564e-02
   1.0000000e+01   1.1657612e+00  -1.0716623e+01  -1.3116853e+00   1.0000000e+00   1.2582784e-02
   1.0000000e+01   2.4700771e+00  -1.2243183e+01  -1.0845783e+00   1.0000000e+00   1.2564562e-02
   9.9999433e+00   9.3906065e+00  -1.8845922e+01  -1.0000835e+00   1.0000000e+00   1.2482786e-02
   9.8957313e+00   5.6706936e+00  -1.5043064e+01  -1.0034455e+00   1.0000000e+00   1.2337798e-02
   1.0000000e+01   1.2052881e+00  -1.1049849e+01  -1.2996057e+00   1.0000000e+00   1.2242599e-02
   9.9995731e+00   5.5578628e-01  -1.0415372e+01  -1.5736211e+00   1.0000000e+00   1.2093918e-02
   1.0000000e+01   8.1508778e+00  -1.8029726e+01  -1.0002885e+00   1.0000000e+00   1.2078724e-02
   9.9999982e+00   6.8724717e+00  -1.6355537e+01  -1.0010359e+00   1.0000000e+00   1.1947909e-02
   1.0000000e+01   3.0916671e+00  -1.2714296e+01  -1.0454262e+00   1.0000000e+00   1.1874206e-02
   9.4830149e+00   4.6346090e+00  -1.4115217e+01  -1.0097099e+00   1.0000000e+00   1.1638887e-02
   1.0000000e+01   5.6635599e-01  -1.0461068e+01  -1.5675900e+00   1.0000000e+00   1.1586421e-02
   1.0000000e+01   2.4653514e+00  -1.2187633e+01  -1.0849790e+00   1.0000000e+00   1.1572556e-02
   1.0000000e+01   6.8704225e+00  -1.6298778e+01  -1.0010380e+00   1.0000000e+00   1.1556794e-02
   1.0000000e+01   8.1350804e+00  -1.7694535e+01  -1.0002931e+00   1.0000000e+00   1.1468188e-02
   1.0000000e+01   1.8537446e+00  -1.1764186e+01  -1.1566495e+00   1.0000000e+00   1.1453094e-02
   1.0000000e+01   4.8883890e-03  -1.0004883e+01  -1.9951235e+00   1.0000000e+00   1.1422930e-02
   9.9944894e+00   1.8269493e+00  -1.1512443e+01  -1.1609037e+00   1.0000000e+00   1.1402897e-02
   9.8957859e+00   5.6990782e+00  -1.5529319e+01  -1.0033491e+00   1.0000000e+00   1.1388148e-02
   9.9998329e+00   2.4468055e+00  -1.1925121e+01  -1.0865697e+00   1.0000000e+00   1.1276200e-02
   1.0000000e+01   6.8776858e+00  -1.6488133e+01  -1.0010305e+00   1.0000000e+00   1.1264794e-02
   1.0000000e+01   7.5019762e+00  -1.6971092e+01  -1.0005520e+00   1.0000000e+00   1.1234719e-02
   1.0000000e+01   6.2563385e-02  -1.0050713e+01  -1.9393535e+00   1.0000000e+00   1.1228172e-02
   1.0000000e+01   9.4033673e+00  -1.9188657e+01  -1.0000824e+00   1.0000000e+00   1.1073606e-02
   1.0000000e+01   1.1716450e+00  -1.0773335e+01  -1.3098568e+00   1.0000000e+00   1.0961181e-02
   1.0000000e+01   5.6142056e-01  -1.0440409e+01  -1.5703982e+00   1.0000000e+00   1.0879757e-02
   9.8874274e+00   5.6959071e+00  -1.5432300e+01  -1.0033597e+00   1.0000000e+00   1.0849181e-02
   9.9990095e+00   2.4512178e+00  -1.1989733e+01  -1.0861886e+00   1.0000000e+00   1.0789783e-02
   9.9999545e+00   3.7229828e+00  -1.3320169e+01  -1.0241618e+00   1.0000000e+00   1.0759548e-02
   9.9999978e+00   3.0843497e+00  -1.2592653e+01  -1.0457598e+00   1.0000000e+00   1.0733113e-02
   9.9998246e+00   5.4576030e-02  -1.0046473e+01  -1.9468865e+00   1.0000000e+00   1.0688414e-02
   9.9346460e+00   5.0618078e+00  -1.4995253e+01  -1.0063341e+00   1.0000000e+00   1.0683796e-02
   9.9998877e+00   1.8742595e+00  -1.1863394e+01  -1.1534686e+00   1.0000000e+00   1.0592586e-02
   9.9999980e+00   3.0976639e+00  -1.2803547e+01  -1.0451546e+00   1.0000000e+00   1.0416713e-02
   1.0000000e+01   6.1460409e-01  -1.0608833e+01  -1.5408550e+00   1.0000000e+00   1.0412434e-02
   1.0000000e+01   8.1382148e+00  -1.7776510e+01  -1.0002922e+00   1.0000000e+00   1.0393518e-02
   1.0000000e+01   9.4162352e+00  -1.9381897e+01  -1.0000814e+00   1.0000000e+00   1.0392253e-02
   1.0000000e+01   1.2120772e+00  -1.1093721e+01  -1.2975785e+00   1.0000000e+00   1.0358613e-02
   9.9970551e+00   4.9842907e-01  -1.0130210e+01  -1.6074842e+00   1.0000000e+00   1.0188162e-02
   9.9996473e+00   8.7845728e+00  -1.8718965e+01  -1.0001531e+00   1.0000000e+00   1.0059203e-02
   1.0000000e+01   5.9640403e-01  -1.0566288e+01  -1.5507887e+00   1.0000000e+00   1.0058433e-02
   9.9977023e+00   5.8876970e-01  -1.0540717e+01  -1.5550097e+00   1.0000000e+00   1.0053619e-02
   9.9445238e+00   5.0391248e+00  -1.4924178e+01  -1.0064794e+00   1.0000000e+00   1.0008218e-02
   1.0000000e+01   7.5034622e+00  -1.7012901e+01  -1.0005512e+00   1.0000000e+00   9.9346307e-03
   1.0000000e+01   3.7209088e+00  -1.3283039e+01  -1.0242120e+00   1.0000000e+00   9.8327764e-03
   9.9999954e+00   5.0156256e-01  -1.0149766e+01  -1.6055837e+00   1.0000000e+00   9.8196239e-03
   9.9999982e+00   8.1575080e+00  -1.8111423e+01  -1.0002866e+00   1.0000000e+00   9.7249066e-03
   1.0000000e+01   3.8843169e-02  -1.0035950e+01  -1.9619016e+00   1.0000000e+00   9.6730847e-03
   9.9999981e+00   3.1098061e+00  -1.2954012e+01  -1.0446096e+00   1.0000000e+00   9.5691202e-03
   1.0000000e+01   5.4984124e-01  -1.0389039e+01  -1.5770414e+00   1.0000000e+00   9.5272298e-03
   1.0000000e+01   7.5176414e+00  -1.7333466e+01  -1.0005434e+00   1.0000000e+00   9.4938553e-03
   9.9999982e+00   6.8810736e+00  -1.6564903e+01  -1.0010270e+00   1.0000000e+00   9.3819642e-03
   9.9999891e+00   1.2160515e+00  -1.1117248e+01  -1.2963982e+00   1.0000000e+00   9.3651512e-03
   9.9994472e+00   2.4753896e+00  -1.2298057e+01  -1.0841302e+00   1.0000000e+00   9.3590035e-03
   1.0000000e+01   7.5221489e+00  -1.7404977e+01  -1.0005410e+00   1.0000000e+00   9.2871869e-03
   1.0000000e+01   3.7401651e+00  -1.3575912e+01  -1.0237502e+00   1.0000000e+00   9.1874793e-03
   1.0000000e+01   7.5156553e+00  -1.7297247e+01  -1.0005445e+00   1.0000000e+00   9.1825945e-03
   1.0000000e+01   7.5109124e+00  -1.7199216e+01  -1.0005471e+00   1.0000000e+00   9.1319158e-03
   9.9919222e+00   2.4804222e+00  -1.2323189e+01  -1.0837079e+00   1.0000000e+00   8.8961340e-03
   9.8784649e+00   5.6826571e+00  -1.5083926e+01  -1.0034045e+00   1.0000000e+00   8.8887022e-03
   1.0000000e+01   7.2600301e-02  -1.0054293e+01  -1.9299725e+00   1.0000000e+00   8.8536668e-03
   1.0000000e+01   5.7469241e-01  -1.0494020e+01  -1.5628780e+00   1.0000000e+00   8.8320455e-03
   9.8760061e+00   5.6897135e+00  -1.5206935e+01  -1.0033806e+00   1.0000000e+00   8.8315425e-03
   1.0000000e+01   8.7618288e+00  -1.8241664e+01  -1.0001566e+00   1.0000000e+00   8.8255311e-03
   1.0000000e+01   8.7692700e+00  -1.8447121e+01  -1.0001554e+00   1.0000000e+00   8.7882059e-03
   1.0000000e+01   6.3362970e-01  -1.0632736e+01  -1.5306622e+00   1.0000000e+00   8.7870561e-03
   1.0000000e+01   7.5131239e+00  -1.7246940e+01  -1.0005459e+00   1.0000000e+00   8.7678433e-03
   1.0000000e+01   8.1359488e+00  -1.7718000e+01  -1.0002928e+00   1.0000000e+00   8.6981910e-03
   9.9999591e+00   3.7150184e+00  -1.3168888e+01  -1.0243550e+00   1.0000000e+00   8.6090903e-03
   9.9999980e+00   3.1020510e+00  -1.2862676e+01  -1.0449569e+00   1.0000000e+00   8.4963138e-03
   9.9999982e+00   8.1462740e+00  -1.7952260e+01  -1.0002898e+00   1.0000000e+00   8.4009852e-03
   9.9999435e+00   9.4066863e+00  -1.9252204e+01  -1.0000822e+00   1.0000000e+00   8.3576569e-03
   1.0000000e+01   1.1935553e+00  -1.0963850e+01  -1.3031416e+00   1.0000000e+00   8.3540372e-03
   9.9999992e+00   8.7699768e+00  -1.8464220e+01  -1.0001553e+00   1.0000000e+00   8.3461749e-03
   1.0000000e+01   3.0803044e+00  -1.2519669e+01  -1.0459453e+00   1.0000000e+00   8.3182513e-03
   9.9882546e+00   1.8295743e+00  -1.1523319e+01  -1.1604819e+00   1.0000000e+00   8.3059227e-03
   1.0000000e+01   1.1824430e+00  -1.0871648e+01  -1.3065290e+00   1.0000000e+00   8.2871088e-03
   1.0000000e+01   8.7663363e+00  -1.8371605e+01  -1.0001559e+00   1.0000000e+00   8.2107357e-03
   1.0000000e+01   5.7301912e-01  -1.0487614e+01  -1.5638206e+00   1.0000000e+00   8.2084695e-03
   9.9999983e+00   6.8751724e+00  -1.6426359e+01  -1.0010331e+00   1.0000000e+00   8.1496190e-03
   1.0000000e+01   6.8796023e+00  -1.6532490e+01  -1.0010286e+00   1.0000000e+00   8.1485922e-03
   9.9999437e+00   9.3926965e+00  -1.8911845e+01  -1.0000833e+00   1.0000000e+00   8.1281150e-03
   1.0000000e+01   1.8454759e+00  -1.1703512e+01  -1.1579501e+00   1.0000000e+00   8.0534972e-03
   1.0000000e+01   8.7667014e+00  -1.8381393e+01  -1.0001558e+00   1.0000000e+00   8.0124857e-03
   9.9997900e+00   1.2480175e+00  -1.1243146e+01  -1.2870734e+00   1.0000000e+00   7.9496806e-03
   9.9999423e+00   9.4114590e+00  -1.9327368e+01  -1.0000818e+00   1.0000000e+00   7.9334190e-03
   1.0000000e+01   3.1290559e+00  -1.3104499e+01  -1.0437591e+00   1.0000000e+00   7.8711224e-03
   9.9999981e+00   3.0858350e+00  -1.2618443e+01  -1.0456919e+00   1.0000000e+00   7.7620433e-03
   1.0000000e+01   8.1306257e+00  -1.7565157e+01  -1.0002944e+00   1.0000000e+00   7.7249115e-03
   9.9994489e+00   3.7437532e+00  -1.3613844e+01  -1.0236651e+00   1.0000000e+00   7.6482537e-03
   1.0000000e+01   6.0560240e-01  -1.0590044e+01  -1.5457456e+00   1.0000000e+00   7.6287943e-03
   1.0000000e+01   1.8321734e+00  -1.1582826e+01  -1.1600653e+00   1.0000000e+00   7.5931235e-03
   1.0000000e+01   7.5209031e+00  -1.7386703e+01  -1.0005416e+00   1.0000000e+00   7.5895382e-03
   9.4838298e+00   4.6223806e+00  -1.4058085e+01  -1.0098294e+00   1.0000000e+00   7.5470336e-03
   1.0000000e+01   6.8745839e+00  -1.6411350e+01  -1.0010337e+00   1.0000000e+00   7.5168235e-03
   9.9999746e+00   6.8905778e+00  -1.6739982e+01  -1.0010173e+00   1.0000000e+00   7.4391549e-03
   1.0000000e+01   3.7277630e+00  -1.3401523e+01  -1.0240466e+00   1.0000000e+00   7.3618338e-03
   1.0000000e+01   3.1075291e+00  -1.2928978e+01  -1.0447113e+00   1.0000000e+00   7.3367575e-03
   9.9999981e+00   3.1040060e+00  -1.2887307e+01  -1.0448691e+00   1.0000000e+00   7.2800734e-03
   9.8956030e+00   5.7002972e+00  -1.5539498e+01  -1.0033450e+00   1.0000000e+00   7.2760332e-03
   9.9999557e+00   3.7583307e+00  -1.3733041e+01  -1.0233226e+00   1.0000000e+00   7.2716401e-03
   1.0000000e+01   1.1877636e+00  -1.0917014e+01  -1.3049024e+00   1.0000000e+00   7.1476487e-03
   9.9999904e+00   1.8825901e-02  -1.0018484e+01  -1.9813502e+00   1.0000000e+00   7.1449948e-03
   1.0000000e+01   2.0566271e-02  -1.0020133e+01  -1.9796438e+00   1.0000000e+00   7.0839242e-03
   1.0000000e+01   9.3925474e+00  -1.8908902e+01  -1.0000833e+00   1.0000000e+00   6.9945062e-03
   1.0000000e+01   5.9349880e-01  -1.0557882e+01  -1.5523912e+00   1.0000000e+00   6.9343881e-03
   1.0000000e+01   3.1230964e+00  -1.3069826e+01  -1.0440207e+00   1.0000000e+00   6.9228723e-03
   1.0000000e+01   7.5362101e+00  -1.7531294e+01  -1.0005334e+00   1.0000000e+00   6.9182595e-03
   9.9882859e+00   1.8420093e+00  -1.1646084e+01  -1.1584986e+00   1.0000000e+00   6.8684716e-03
   9.9997881e+00   5.4534970e-01  -1.0367910e+01  -1.5796391e+00   1.0000000e+00   6.8297738e-03
   1.0000000e+01   6.1123976e-01  -1.0602347e+01  -1.5426777e+00   1.0000000e+00   6.8196521e-03
   9.9837455e+00   1.8380630e+00  -1.1597851e+01  -1.1591254e+00   1.0000000e+00   6.8137189e-03
   9.9996718e+00   8.7884223e+00  -1.8757654e+01  -1.0001525e+00   1.0000000e+00   6.8065687e-03
   1.0000000e+01   3.7266391e+00  -1.3383147e+01  -1.0240736e+00   1.0000000e+00   6.7829028e-03
   9.9992789e+00   7.5059963e+00  -1.7066349e+01  -1.0005498e+00   1.0000000e+00   6.7772741e-03
   1.0000000e+01   9.4052471e+00  -1.9226432e+01  -1.0000823e+00   1.0000000e+00   6.7424100e-03
   9.9988563e+00   1.1926520e+00  -1.0954612e+01  -1.3034155e+00   1.0000000e+00   6.7301364e-03
   1.0000000e+01   6.5867419e-02  -1.0052088e+01  -1.9362550e+00   1.0000000e+00   6.6754376e-03
   1.0000000e+01   8.7620691e+00  -1.8249013e+01  -1.0001566e+00   1.0000000e+00   6.6149140e-03
   1.0000000e+01   3.7497650e+00  -1.3673926e+01  -1.0235233e+00   1.0000000e+00   6.5608992e-03
   9.9949157e+00   8.8052852e+00  -1.8791875e+01  -1.0001499e+00   1.0000000e+00   6.5554157e-03
   1.0000000e+01   1.2614496e+00  -1.1259989e+01  -1.2832431e+00   1.0000000e+00   6.5514531e-03
   1.0000000e+01   3.7467323e+00  -1.3646533e+01  -1.0235947e+00   1.0000000e+00   6.5164115e-03
   1.0000000e+01   3.7540252e+00  -1.3706756e+01  -1.0234233e+00   1.0000000e+00   6.4725765e-03
   9.9997630e+00   3.0981874e+00  -1.2809694e+01  -1.0451309e+00   1.0000000e+00   6.4711549e-03
   1.0000000e+01   1.1863633e+00  -1.0905285e+01  -1.3053296e+00   1.0000000e+00   6.4398754e-03
   1.0000000e+01   3.7179305e+00  -1.3226847e+01  -1.0242842e+00   1.0000000e+00   6.4108734e-03
   9.9999909e+00   4.9266632e-01  -1.0104748e+01  -1.6109951e+00   1.0000000e+00   6.2666777e-03
   9.4883702e+00   4.6263269e+00  -1.4097602e+01  -1.0097907e+00   1.0000000e+00   6.1810209e-03
